518400 96 147 1
129600 192 96 1
129600 48 1728 6
129600 192 144 1
129600 192 192 1
129600 192 240 1
129600 192 288 1
129600 192 336 1
129600 192 384 1
32400 192 192 1
32400 48 1728 12
32400 192 240 1
32400 192 288 1
32400 192 336 1
32400 192 384 1
32400 192 432 1
32400 192 480 1
32400 192 528 1
32400 192 576 1
32400 192 624 1
32400 192 672 1
32400 192 720 1
32400 384 768 1
8040 192 384 1
8040 48 1728 36
8040 192 432 1
8040 192 480 1
8040 192 528 1
8040 192 576 1
8040 192 624 1
8040 192 672 1
8040 192 720 1
8040 192 768 1
8040 192 816 1
8040 192 864 1
8040 192 912 1
8040 192 960 1
8040 192 1008 1
8040 192 1056 1
8040 192 1104 1
8040 192 1152 1
8040 192 1200 1
8040 192 1248 1
8040 192 1296 1
8040 192 1344 1
8040 192 1392 1
8040 192 1440 1
8040 192 1488 1
8040 192 1536 1
8040 192 1584 1
8040 192 1632 1
8040 192 1680 1
8040 192 1728 1
8040 192 1776 1
8040 192 1824 1
8040 192 1872 1
8040 192 1920 1
8040 192 1968 1
8040 192 2016 1
8040 192 2064 1
8040 1056 2112 1
1980 192 1056 1
1980 48 1728 24
1980 192 1104 1
1980 192 1152 1
1980 192 1200 1
1980 192 1248 1
1980 192 1296 1
1980 192 1344 1
1980 192 1392 1
1980 192 1440 1
1980 192 1488 1
1980 192 1536 1
1980 192 1584 1
1980 192 1632 1
1980 192 1680 1
1980 192 1728 1
1980 192 1776 1
1980 192 1824 1
1980 192 1872 1
1980 192 1920 1
1980 192 1968 1
1980 192 2016 1
1980 192 2064 1
1980 192 2112 1
1980 192 2160 1
1 1000 2208 1
