12544 96 147 1
3136 192 96 1
3136 48 1728 6
3136 192 144 1
3136 192 192 1
3136 192 240 1
3136 192 288 1
3136 192 336 1
3136 192 384 1
784 192 192 1
784 48 1728 12
784 192 240 1
784 192 288 1
784 192 336 1
784 192 384 1
784 192 432 1
784 192 480 1
784 192 528 1
784 192 576 1
784 192 624 1
784 192 672 1
784 192 720 1
784 384 768 1
196 192 384 1
196 48 1728 36
196 192 432 1
196 192 480 1
196 192 528 1
196 192 576 1
196 192 624 1
196 192 672 1
196 192 720 1
196 192 768 1
196 192 816 1
196 192 864 1
196 192 912 1
196 192 960 1
196 192 1008 1
196 192 1056 1
196 192 1104 1
196 192 1152 1
196 192 1200 1
196 192 1248 1
196 192 1296 1
196 192 1344 1
196 192 1392 1
196 192 1440 1
196 192 1488 1
196 192 1536 1
196 192 1584 1
196 192 1632 1
196 192 1680 1
196 192 1728 1
196 192 1776 1
196 192 1824 1
196 192 1872 1
196 192 1920 1
196 192 1968 1
196 192 2016 1
196 192 2064 1
196 1056 2112 1
49 192 1056 1
49 48 1728 24
49 192 1104 1
49 192 1152 1
49 192 1200 1
49 192 1248 1
49 192 1296 1
49 192 1344 1
49 192 1392 1
49 192 1440 1
49 192 1488 1
49 192 1536 1
49 192 1584 1
49 192 1632 1
49 192 1680 1
49 192 1728 1
49 192 1776 1
49 192 1824 1
49 192 1872 1
49 192 1920 1
49 192 1968 1
49 192 2016 1
49 192 2064 1
49 192 2112 1
49 192 2160 1
1 1000 2208 1
